0 0.00247768499856032
1 0
2 0.00247768499856032
3 0.00743305499568097
4 0.00495536999712064
5 0.00743305499568097
6 0.0148661099913619
7 0.0123884249928016
8 0.0297322199827239
9 0.0346875899798445
10 0.0396429599769652
11 0.0272545349841635
12 0.0495536999712064
13 0.109018139936654
14 0.109018139936654
15 0.123884249928016
16 0.126361934926576
17 0.183348689893464
18 0.279978404837316
19 0.279978404837316
20 0.336965159804204
21 0.369175064785488
22 0.393951914771091
23 0.582255974661676
24 0.626854304635762
25 0.678885689605528
26 0.755693924560898
27 0.911788079470199
28 0.909310394471638
29 1.03567232939821
30 1.10256982435934
31 1.20663259429888
32 1.17442268931759
33 1.40732507918226
34 1.34786063921682
35 1.42714655917075
36 1.45440109415491
37 1.55350849409732
38 1.53864238410596
39 1.52129858911604
40 1.7046472790095
41 1.56341923409156
42 1.76906708897207
43 1.68234811402246
44 1.68482579902102
45 1.63031672905269
46 1.71455801900374
47 1.65757126403686
48 1.65261589403974
49 1.78145551396487
50 1.71455801900374
51 1.6922588540167
52 1.69969190901238
53 1.72694644399654
54 1.73933486898935
55 1.85330837892312
56 1.65261589403974
57 1.81614310394472
58 1.78888856896055
59 1.87065217391304
60 1.80623236395048
61 1.74676792398503
62 1.78888856896055
63 1.87560754391016
64 1.81366541894616
65 1.95241577886553
66 1.94746040886841
67 1.91277281888857
68 1.85578606392168
69 1.89790670889721
70 1.92020587388425
71 1.84587532392744
72 2.03417938381802
73 2.03417938381802
74 2.12089835876764
75 2.07134465879643
76 2.00196947883674
77 2.14071983875612
78 1.9920587388425
79 1.96480420385834
80 1.93754966887417
81 1.78393319896343
82 1.89790670889721
83 1.95984883386122
84 1.77402245896919
85 1.82605384393896
86 1.66252663403398
87 1.46926720414627
88 1.40236970918514
89 1.24379786927728
90 1.12982435934351
91 1.01089547941261
92 0.961341779441405
93 0.827546789519148
94 0.7680823495537
95 0.725961704578174
96 0.515358479700547
97 0.478193204722142
98 0.396429599769652
99 0.344398214799885
100 0.270067664843075
101 0.267589979844515
102 0.185826374892024
103 0.175915634897783
104 0.141228044917938
105 0.0792859199539303
106 0.0966297149438526
107 0.0569867549668874
108 0.0495536999712064
109 0.0322099049812842
110 0.0272545349841635
111 0.0346875899798445
112 0.00991073999424129
113 0.0148661099913619
114 0.00247768499856032
115 0.00247768499856032
116 0.00247768499856032
117 0
118 0
119 0.00247768499856032
120 0
121 0
122 0
123 0
124 0.00495536999712064
