0 0.005
1 0
2 0.01
3 0.01
4 0.01
5 0.015
6 0.02
7 0.0425
8 0.0525
9 0.0625
10 0.065
11 0.115
12 0.14
13 0.1125
14 0.2125
15 0.1825
16 0.255
17 0.29
18 0.43
19 0.41
20 0.4775
21 0.6275
22 0.78
23 0.8225
24 0.9475
25 1.015
26 1.1825
27 1.3075
28 1.4975
29 1.6325
30 1.72
31 1.765
32 1.855
33 1.8
34 2.1425
35 2.075
36 2.075
37 2.1475
38 2.25
39 2.0725
40 2.145
41 2.09
42 2.1425
43 2.1025
44 2
45 1.9
46 1.74
47 1.7075
48 1.4
49 1.59
50 1.2775
51 1.2
52 1.1475
53 0.9675
54 0.96
55 0.795
56 0.7575
57 0.735
58 0.645
59 0.58
60 0.5875
61 0.6275
62 0.645
63 0.745
64 0.73
65 0.755
66 0.82
67 0.955
68 1.175
69 1.1775
70 1.28
71 1.5225
72 1.5675
73 1.645
74 1.71
75 1.8175
76 1.945
77 2.04
78 2.115
79 2.075
80 2.095
81 2.185
82 2.275
83 2.1525
84 1.95
85 2.0775
86 2.135
87 1.9375
88 1.7875
89 1.8725
90 1.5925
91 1.5825
92 1.48
93 1.2875
94 1.205
95 1.095
96 0.925
97 0.8775
98 0.6775
99 0.6425
100 0.5625
101 0.48
102 0.355
103 0.3425
104 0.3
105 0.2125
106 0.21
107 0.155
108 0.1225
109 0.095
110 0.0625
111 0.06
112 0.0325
113 0.0275
114 0.035
115 0.0075
116 0.0125
117 0.015
118 0
119 0.0025
120 0.0025
121 0.0125
122 0.0025
123 0.0025
124 0.0025
