0 0.0025
1 0
2 0.0025
3 0.005
4 0.005
5 0.0075
6 0.0025
7 0.02
8 0.005
9 0.0175
10 0.025
11 0.0375
12 0.055
13 0.05
14 0.0525
15 0.0975
16 0.0775
17 0.11
18 0.15
19 0.2125
20 0.2725
21 0.2625
22 0.3875
23 0.42
24 0.5125
25 0.4975
26 0.6
27 0.7225
28 0.75
29 0.8375
30 0.9275
31 1.0875
32 1.15
33 1.1775
34 1.2625
35 1.3375
36 1.325
37 1.4125
38 1.485
39 1.4875
40 1.5775
41 1.45
42 1.49
43 1.575
44 1.5275
45 1.45
46 1.4725
47 1.42
48 1.32
49 1.3725
50 1.4125
51 1.345
52 1.445
53 1.335
54 1.3375
55 1.3825
56 1.615
57 1.5675
58 1.5275
59 1.6125
60 1.7675
61 1.75
62 1.8925
63 1.9875
64 1.905
65 2.1375
66 2.14
67 2.27
68 2.2025
69 2.24
70 2.305
71 2.385
72 2.355
73 2.3425
74 2.37
75 2.43
76 2.3875
77 2.315
78 2.3875
79 2.2825
80 2.2
81 2.235
82 2.1675
83 2.07
84 2.09
85 1.945
86 1.875
87 1.585
88 1.4925
89 1.455
90 1.305
91 1.14
92 1.0925
93 0.91
94 0.84
95 0.7
96 0.6125
97 0.5075
98 0.405
99 0.3875
100 0.32
101 0.245
102 0.2075
103 0.16
104 0.1375
105 0.0825
106 0.085
107 0.06
108 0.0475
109 0.0425
110 0.0325
111 0.02
112 0.0175
113 0.0075
114 0.0275
115 0.015
116 0.005
117 0.0025
118 0
119 0
120 0
121 0
122 0
123 0
124 0.0025
