0 0.00249122699008804
1 0
2 0
3 0
4 0
5 0.00249122699008804
6 0.00249122699008804
7 0.00249122699008804
8 0.00498245398017608
9 0
10 0.00249122699008804
11 0.0124561349504402
12 0.0174385889306163
13 0.00996490796035215
14 0.0149473619405282
15 0.0174385889306163
16 0.0174385889306163
17 0.0274034968909684
18 0.0622806747522009
19 0.0772280366927292
20 0.0847017176629933
21 0.112105214553962
22 0.149473619405282
23 0.156947300375546
24 0.194315705226867
25 0.211754294157483
26 0.313894600751093
27 0.40606999938435
28 0.440947177245583
29 0.463368220156375
30 0.555543618789632
31 0.66017515237333
32 0.747368097026411
33 0.924245213322662
34 0.886876808471342
35 1.03635042787662
36 1.0836837406883
37 1.16091177738103
38 1.35024502862772
39 1.3751572985286
40 1.39259588745921
41 1.43494674629071
42 1.62926245151758
43 1.61929754355722
44 1.73389398510127
45 1.57445545773564
46 1.66912208335899
47 1.77126238995259
48 1.80115711383365
49 1.71645539617066
50 1.66912208335899
51 1.77375361694268
52 1.78371852490304
53 1.64670104044819
54 1.86592901557594
55 1.80364834082374
56 1.70898171520039
57 1.71645539617066
58 1.82856061072462
59 1.79866588684356
60 1.89084128547682
61 1.86343778858585
62 1.84350797266515
63 1.93070091731823
64 1.86592901557594
65 1.97554300313981
66 1.88087637751647
67 1.98052545711999
68 1.92820969032814
69 1.97554300313981
70 2.1025955796343
71 1.97305177614973
72 2.06771840177307
73 1.98052545711999
74 1.9780342301299
75 2.03034999692175
76 2.03533245090193
77 2.14245521147571
78 2.17234993535677
79 2.14245521147571
80 2.16985870836668
81 2.19726220525765
82 2.03034999692175
83 1.95561318721911
84 2.11754294157483
85 1.98301668411008
86 2.00045527304069
87 1.95063073323893
88 1.90329742042726
89 1.811122021794
90 1.70399926122022
91 1.67410453733916
92 1.43494674629071
93 1.38761343347904
94 1.22319245213323
95 1.18084159330173
96 0.944175029243366
97 0.876911900510989
98 0.789718955857908
99 0.662666379363418
100 0.553052391799544
101 0.468350674136551
102 0.423508588314966
103 0.316385827741181
104 0.261578833959244
105 0.25410515298898
106 0.159438527365634
107 0.141999938435018
108 0.144491165425106
109 0.122070122514314
110 0.0722455827125531
111 0.0448420858215847
112 0.0398596318414086
113 0.0323859508711445
114 0.0199298159207043
115 0.0224210429107923
116 0.0124561349504402
117 0
118 0.00498245398017608
119 0
120 0.00996490796035215
121 0
122 0.00498245398017608
123 0
124 0.00249122699008804
