0 0.0075
1 0.0075
2 0.0025
3 0
4 0.005
5 0.0125
6 0.005
7 0.01
8 0.0175
9 0.0325
10 0.03
11 0.0225
12 0.0675
13 0.0675
14 0.105
15 0.1
16 0.155
17 0.185
18 0.225
19 0.275
20 0.3475
21 0.4025
22 0.48
23 0.555
24 0.6425
25 0.74
26 0.8475
27 0.9225
28 1.06
29 1.18
30 1.4725
31 1.38
32 1.465
33 1.77
34 1.8175
35 1.98
36 1.955
37 2.0075
38 2.0625
39 2.235
40 2.2075
41 2.41
42 2.265
43 2.04
44 2.1375
45 2.0375
46 2.015
47 1.895
48 1.8325
49 1.71
50 1.655
51 1.4725
52 1.3575
53 1.335
54 1.205
55 1.0825
56 0.895
57 0.8475
58 0.7425
59 0.8225
60 0.7025
61 0.645
62 0.595
63 0.5875
64 0.5825
65 0.75
66 0.705
67 0.8175
68 0.835
69 0.955
70 1.01
71 1.2175
72 1.2125
73 1.43
74 1.4375
75 1.6375
76 1.67
77 1.925
78 2.03
79 2.0125
80 2.1225
81 2.105
82 2.1325
83 2.215
84 2.1475
85 2.21
86 2.1775
87 2.03
88 2.14
89 1.94
90 1.95
91 1.9325
92 1.745
93 1.595
94 1.375
95 1.3275
96 1.235
97 1.0625
98 0.9575
99 0.835
100 0.7275
101 0.705
102 0.5325
103 0.475
104 0.39
105 0.3425
106 0.3275
107 0.255
108 0.17
109 0.185
110 0.11
111 0.0925
112 0.09
113 0.0625
114 0.0525
115 0.03
116 0.035
117 0.03
118 0.0125
119 0.01
120 0.005
121 0.005
122 0.0075
123 0
124 0.0075
