0 0.00743562100185984
1 0
2 0
3 0.017349782337673
4 0.017349782337673
5 0.0297424840074394
6 0.0371781050092992
7 0.0470922663451123
8 0.0718776696846451
9 0.104098694026038
10 0.138798258701384
11 0.210675928386029
12 0.223068630055795
13 0.361866888757179
14 0.339560025751599
15 0.503143687792516
16 0.525450550798095
17 0.654334648163666
18 0.865010576549694
19 0.9071457622269
20 1.05833672259805
21 1.34336886100268
22 1.40781090968546
23 1.5119096037115
24 1.65318640274684
25 1.60857267673568
26 1.70523574975986
27 1.67053618508451
28 1.80189882278403
29 1.81181298411985
30 1.85890525046496
31 1.68292888675428
32 1.65566494308079
33 1.48464566003801
34 1.49455982137383
35 1.2467057879785
36 1.16987103762595
37 0.998851754583172
38 0.988937593247358
39 0.832789552208302
40 0.812961229536676
41 0.624592164156226
42 0.59732822048274
43 0.579978438145067
44 0.567585736475301
45 0.555193034805535
46 0.721255237180404
47 0.75595480185575
48 0.951759488238059
49 1.01372299658689
50 1.31114783666128
51 1.29875513499152
52 1.51934522471336
53 1.69284304809009
54 1.78454904044636
55 2.0051391301682
56 2.18111549387889
57 2.37444163992724
58 2.32487083324818
59 2.3818772609291
60 2.42153390627235
61 2.3446991559198
62 2.28273564757097
63 2.16624425187517
64 2.10428074352633
65 1.95556832348914
66 1.76472071777473
67 1.60857267673568
68 1.57635165239429
69 1.2095276829692
70 1.14260709395246
71 0.926974084898527
72 0.837746632876208
73 0.750997721187844
74 0.723733777514358
75 0.552714494471581
76 0.602285301150647
77 0.617156543154367
78 0.666727349833432
79 0.641941946493899
80 0.790654366531096
81 0.852617874879928
82 1.00380883525108
83 1.21448476363711
84 1.24174870731059
85 1.38798258701384
86 1.63583662040916
87 1.61105121706963
88 1.72506407243148
89 1.71019283042776
90 1.75480655643892
91 1.80933444378589
92 1.82172714545566
93 1.73745677410125
94 1.64327224141102
95 1.6284009994073
96 1.52430230538127
97 1.41028945001942
98 1.3210619979971
99 1.11782169061293
100 0.904667221892947
101 0.865010576549694
102 0.711341075844591
103 0.587414059146927
104 0.570064276809254
105 0.401523534100431
106 0.346995646753459
107 0.228025710723702
108 0.213154468719982
109 0.171019283042776
110 0.0917059923562713
111 0.0495708066790656
112 0.0545278873469721
113 0.044613726011159
114 0.0371781050092992
115 0.017349782337673
116 0.00991416133581312
117 0.00743562100185984
118 0.00495708066790656
119 0.00495708066790656
120 0
121 0.00247854033395328
122 0
123 0.00495708066790656
124 0.00247854033395328
