"x"	"y"
1	1.00891456274085
2	1.03456869285878
3	1.06019736835668
4	1.08578358148055
5	1.11131035265536
6	1.13676074175305
7	1.16211785933441
8	1.18736487785728
9	1.21248504284361
10	1.23746168399821
11	1.26227822627144
12	1.2869182008588
13	1.31136525613001
14	1.33560316848031
15	1.35961585309677
16	1.38338737463258
17	1.40690195778202
18	1.43014399774939
19	1.45309807060464
20	1.47574894351904
21	1.49808158487402
22	1.52008117423649
23	1.54173311219401
24	1.56302303004328
25	1.58393679932551
26	1.60446054120239
27	1.62458063566642
28	1.64428373057938
29	1.66355675053318
30	1.68238690552693
31	1.7007616994547
32	1.7186689383982
33	1.73609673871894
34	1.75303353494445
35	1.76946808744343
36	1.78538948988455
37	1.8007871764742
38	1.81565092896815
39	1.82997088345259
40	1.84373753689007
41	1.85694175342591
42	1.86957477045095
43	1.88162820441662
44	1.89309405639844
45	1.9039647174043
46	1.91423297342392
47	1.92389201021627
48	1.93293541783161
49	1.9413571948653
50	1.94915175244046
51	1.95631391791687
52	1.96283893832364
53	1.96872248351339
54	1.97396064903585
55	1.9785499587289
56	1.98248736702547
57	1.98577026097463
58	1.98839646197558
59	1.99036422722344
60	1.99167225086583
61	1.99231966486942
62	1.99230603959601
63	1.99163138408763
64	1.99029614606054
65	1.98830121160814
66	1.9856479046129
67	1.98233798586783
68	1.97837365190797
69	1.97375753355272
70	1.96849269415999
71	1.96258262759324
72	1.95603125590292
73	1.9488429267237
74	1.94102241038929
75	1.9325748967667
76	1.92350599181219
77	1.913821713851
78	1.90352848958345
79	1.89263314982006
80	1.88114292494847
81	1.86906544013519
82	1.85640871026536
83	1.84318113462392
84	1.82939149132165
85	1.81504893146981
86	1.80016297310727
87	1.78474349488415
88	1.76880072950607
89	1.75234525694358
90	1.735387997411
91	1.71794020411956
92	1.70001345580948
93	1.68161964906611
94	1.66277099042506
95	1.64347998827169
96	1.62375944454027
97	1.60362244621832
98	1.58308235666182
99	1.56215280672695
100	1.54084768572443
101	1.51918113220217
102	1.49716752456269
103	1.47482147152129
104	1.45215780241132
105	1.42919155734321
106	1.40593797722341
107	1.3824124936403
108	1.35863071862334
109	1.33460843428267
110	1.31036158233571
111	1.28590625352789
112	1.26125867695447
113	1.2364352092906
114	1.21145232393659
115	1.18632660008587
116	1.16107471172265
117	1.13571341655667
118	1.11025954490245
119	1.08472998851031
120	1.05914168935662
121	1.03351162840076
122	1.00785681431613
123	0.982194272202893
124	0.956541032289667
125	0.930914118631944
126	0.905330537814527
127	0.879807267665592
128	0.854361245989826
129	0.829009359328125
130	0.803768431751316
131	0.778655213695332
132	0.75368637084525
133	0.728878473075581
134	0.704247983454131
135	0.679811247316749
136	0.655584481420201
137	0.631583763180373
138	0.607825020002942
139	0.5843240187136
140	0.561096355094842
141	0.538157443536258
142	0.515522506805206
143	0.493206565944649
144	0.471224430304858
145	0.449590687715601
146	0.428319694805338
147	0.407425567473846
148	0.386922171524596
149	0.366823113463103
150	0.347141731467344
151	0.327891086536253
152	0.309083953822153
153	0.290732814152883
154	0.272849845749248
155	0.255446916143277
156	0.238535574302676
157	0.222127042966669
158	0.20623221119835
159	0.190861627158452
160	0.176025491105363
161	0.161733648626005
162	0.147995584102084
163	0.134820414416051
164	0.122216882900932
165	0.110193353538065
166	0.0987578054065719
167	0.0879178273882691
168	0.0776806131315181
169	0.0680529562773612
170	0.0590412459511116
171	0.0506514625223892
172	0.0428891736364153
173	0.0357595305192007
174	0.0292672645590786
175	0.0234166841668506
176	0.0182116719166309
177	0.013655681969284
178	0.00975173778016792
179	0.00650243009270207
180	0.00390991521909318
181	0.00197591360935883
182	0.000701708709598895
183	8.81461102724851e-05
184	0.000135632985045423
185	0.000844137820580843
186	0.00221319043745214
187	0.00424188230216438
188	0.00692886713007719
189	0.0102723617788289
190	0.0142701474316691
191	0.0189195710699144
192	0.0242175472335501
193	0.0301605600688093
194	0.0367446656613713
195	0.0439654946536298
196	0.051818255144295
197	0.060297735868405
198	0.0693983096556359
199	0.0791139371646163
200	0.0894381708907673
201	0.100364159445009
202	0.111884652100491
203	0.12399200360434
204	0.136678179251212
205	0.149934760215302
206	0.163752949137266
207	0.178123575962337
208	0.193037104025778
209	0.208483636381623
210	0.224452922370511
211	0.240934364422244
212	0.257917025088571
213	0.275389634301521
214	0.293340596852468
215	0.311758000086965
216	0.330629621810247
217	0.349942938398146
218	0.369685133108047
219	0.389843104584357
220	0.410403475552857
221	0.431352601698156
222	0.452676580718357
223	0.474361261550933
224	0.496392253763681
225	0.518754937104536
226	0.541434471203885
227	0.564415805422971
228	0.587683688841821
229	0.6112226803801
230	0.635017159044146
231	0.659051334293411
232	0.683309256519409
233	0.707774827630226
234	0.732431811733572
235	0.757263845911277
236	0.782254451078082
237	0.807387042917524
238	0.832644942887654
239	0.858011389289286
240	0.883469548389429
241	0.909002525592523
242	0.934593376652068
243	0.960225118915194
244	0.985880742592728
245	1.01154322204727
246	1.03719552709175
247	1.06282063429111
248	1.08840153825933
249	1.11392126294466
250	1.13936287289526
251	1.16470948449794
252	1.18994427718254
253	1.21505050458436
254	1.24001150565748
255	1.26481071573137
256	1.28943167750356
257	1.3138580519611
258	1.33807362922346
259	1.36206233929978
260	1.38580826275326
261	1.40929564126567
262	1.43250888809488
263	1.4554325984186
264	1.47805155955735
265	1.50035076106993
266	1.52231540471465
267	1.54393091426984
268	1.56518294520686
269	1.58605739420952
270	1.60654040853334
271	1.62661839519848
272	1.64627803001042
273	1.66550626640214
274	1.6842903440921
275	1.70261779755229
276	1.7204764642806
277	1.73785449287212
278	1.75474035088402
279	1.7711228324887
280	1.78699106591024
281	1.80233452063916
282	1.81714301442067
283	1.83140672001188
284	1.84511617170334
285	1.85826227160071
286	1.87083629566231
287	1.88282989948859
288	1.8942351238597
289	1.90504440001731
290	1.91525055468751
291	1.92484681484108
292	1.93382681218824
293	1.94218458740481
294	1.94991459408693
295	1.95701170243176
296	1.96347120264176
297	1.96928880805021
298	1.97446065796591
299	1.97898332023527
300	1.98285379351989
301	1.98606950928841
302	1.98862833352093
303	1.99052856812531
304	1.99176895206396
305	1.99234866219077
306	1.99226731379731
307	1.99152496086818
308	1.99012209604513
309	1.9880596503002
310	1.98533899231784
311	1.98196192758666
312	1.97793069720125
313	1.97324797637497
314	1.96791687266457
315	1.96194092390799
316	1.95532409587655
317	1.9480707796432
318	1.94018578866847
319	1.93167435560619
320	1.92254212883095
321	1.91279516868975
322	1.90243994348019
323	1.89148332515798
324	1.87993258477655
325	1.86779538766186
326	1.85507978832543
327	1.84179422511929
328	1.82794751463604
329	1.81354884585797
330	1.79860777405909
331	1.78313421446398
332	1.76713843566789
333	1.75063105282222
334	1.7336230205901
335	1.71612562587664
336	1.69815048033866
337	1.67970951267898
338	1.66081496073024
339	1.6414793633336
340	1.62171555201771
341	1.60153664248343
342	1.58095602589993
343	1.55998736001804
344	1.53864456010665
345	1.51694178971826
346	1.49489345128968
347	1.47251417658432
348	1.44981881698219
349	1.42682243362419
350	1.40354028741724
351	1.37998782890678
352	1.35618068802344
353	1.3321346637107
354	1.30786571344035
355	1.28338994262275
356	1.25872359391895
357	1.23388303646167
358	1.2088847549924
359	1.18374533892177
360	1.15848147132045
361	1.13310991784786
362	1.10764751562617
363	1.08211116206676
364	1.05651780365676
365	1.03088442471297
366	1.0052280361107
367	0.97956566399498
368	0.953914338481623
369	0.928291082355681
370	0.902712899774738
371	0.877196764984582
372	0.851759611054717
373	0.826418318641209
374	0.801189704784308
375	0.77609051174829
376	0.751137395910921
377	0.726346916709919
378	0.701735525653744
379	0.677319555404017
380	0.653115208936801
381	0.629138548789956
382	0.605405486403678
383	0.58193177156132
384	0.558732981937489
385	0.535824512760356
386	0.513221566595043
387	0.490939143254869
388	0.468992029847139
389	0.447394790960096
390	0.426161758997539
391	0.405307024667522
392	0.384844427631454
393	0.36478754731979
394	0.345149693920423
395	0.325943899545752
396	0.307182909584281
397	0.288879174242502
398	0.271044840282661
399	0.253691742961902
400	0.236831398178124
401	0.220474994827783
402	0.20463338738069
403	0.189317088676748
404	0.174536262949398
405	0.16030071908041
406	0.146619904090493
407	0.133502896870043
408	0.120958402154194
409	0.108994744746161
410	0.0976198639927171
411	0.08684130851547
412	0.0766662312014287
413	0.0671013844561904
414	0.0581531157228958
415	0.0498273632699251
416	0.0421296522501326
417	0.0350650910342337
418	0.0286383678207772
419	0.0228537475249533
420	0.0177150689483022
421	0.0132257422312005
422	0.00938874658981697
423	0.00620662833903914
424	0.00368149920268242
425	0.00181503491210376
426	0.000608474094149304
427	6.26174491743851e-05
428	0.000177827219681044
429	0.000954026949925989
430	0.00239070153665826
431	0.00448689757095314
432	0.00724122397091526
433	0.0106518529048314
434	0.0147165210041595
435	0.0194325308655505
436	0.0247967528409042
437	0.0308056271142729
438	0.0374551660642336
439	0.0447409569101617
440	0.0526581646406494
441	0.0612015352221257
442	0.0703653990855491
443	0.0801436748888586
444	0.0905298735526861
445	0.101517102566653
446	0.113098070563391
447	0.125265092157255
448	0.138010093044515
449	0.151324615361642
450	0.16519982329813
451	0.179626508960137
452	0.194595098481048
453	0.2100956583749
454	0.226117902128465
455	0.242651197027606
456	0.25968457121338
457	0.277206720963206
458	0.295206018192266
459	0.313670518170156
460	0.332587967447671
461	0.351945811988471
462	0.371731205500207
463	0.391931017959611
464	0.412531844325866
465	0.433520013436486
466	0.454881597079801
467	0.476602419238027
468	0.498668065494783
469	0.521063892600814
470	0.543775038191575
471	0.566786430650226
472	0.590082799109485
473	0.613648683585714
474	0.637468445238506
475	0.661526276748965
476	0.685806212809786
477	0.710292140720192
478	0.734967811078671
479	0.759816848566441
480	0.784822762814473
481	0.80996895934686
482	0.835238750593278
483	0.860615366963229
484	0.886081967974707
485	0.911621653429912
486	0.937217474630601
487	0.962852445625609
488	0.988509554483106
489	1.01417177458009
490	1.03982207590162
491	1.06544343634233
492	1.09101885300265
493	1.11653135347232
494	1.14196400709364
495	1.16729993619707
496	1.19252232730155
497	1.21761444227238
498	1.24255962942893
499	1.26734133459515
500	1.29194311208521
